0.24790813523413774
-0.697638551983844
-0.32216662565809345
0.6024328623879568
0.3896234448918294
-0.16288649522598572
-0.5568278258805954
-0.15198408231069283
-1.2845150230940465
-1.4440412509848606
-0.2577890840155166
-0.9373033395986631
0.17393706744613324
0.845911361497574
-1.248547780532894
-1.0330572870547348
0.34473305215251904
-0.12386721705468863
1.5761224116149422
-0.6920767009728415
-0.23685362349712033
-0.5794048876288894
-0.03536905739641921
-0.40656909231133065
0.4916400134318541
0.8482151598476882
0.07567266467666797
1.1016145720704325
0.10697705110366913
1.5972415211169328
-0.3897356621792568
0.6353589076066647
0.6785552313213044
-1.0823589754907423
-1.5782941421224792
0.8340189702658448
-0.6493046383804395
0.5193386899498575
0.9601056215550616
-1.059210501612146
1.7322668173683593
-0.7777766427864589
-0.9965366980981663
-0.37703409386467684
-1.6511291028222488
-0.3048858421269465
-2.3214104483965925
-2.1376386826534772
-0.09840863114687866
-0.9401383068035162
0.14995219407850777
1.4903663669358191
0.4204624182577385
-2.7829011472198943
-1.0377722346026568
0.6830966191135319
-0.41913602507568787
-1.1399681481818806
1.2618714151035164
0.05714280957419959
0.7741458691745372
0.5467462284569536
-0.3981970363550415
1.6621375163806016
0.7268389252995291
-0.03809436621194153
1.6183479158732386
-0.6306181095597047
-1.6990741178344266
0.0027298390251832136
-0.2976632862349242
1.1468070861867803
0.6953068191140812
-0.1813483602446015
0.07957371325282764
0.058362786538335154
-1.3457952384681187
2.1734222795165175
0.05393840468561713
-2.2127499160800195
-0.7211687943131311
0.2012133331044412
-0.41527467392282263
-0.13377096572830047
-0.4347931726763588
1.1693701969732726
2.0028370063964047
-0.24683669708455686
-1.3897774970221783
-2.0400216058049074
-0.5744031475080613
-0.6819836621244454
-0.48981686639630906
0.21346579959807613
0.5023276607590619
-1.8166403636287887
-0.35947962196473615
-0.6991484656514572
0.6306971570779781
-0.0644286482485185
-0.10271097210176658
0.27054026082639926
1.2624202800437283
0.011839471109460112
-0.26699320847277874
-0.18818658859748164
0.026490739803399662
-0.37314290129253136
-0.2253786300807592
-1.7233575762402635
0.07769756127338596
-1.2572104821702261
-0.2937325050607667
0.03332818789781231
-0.4956922783609817
0.31601526843918043
-0.6995899632111685
-1.0195850699235294
1.041641857788115
-0.30392572576354226
-0.9064014803722243
0.37589986500416006
-0.3033514605545592
0.2850416230112507
-1.2988352578767433
0.43265167283356576
0.6445671215381619
-0.3540541043147754
-0.8290572350951377
0.014674500451454929
-0.4853333447958656
0.19526386511632035
0.47893594339257156
2.212981839319826
1.2710450182661663
0.617661495743238
-0.17082983824367645
0.1764077760268748
-1.532395176535904
-1.648027322567535
0.8999225644395714
-1.5121534257161544
0.9351645374548676
1.4886787499014662
-0.12454677623396883
1.9983654364600816
0.0012400213016133478
0.2394193471745549
-0.005743937676290499
0.9264316291865017
1.8231999331949345
-0.1895822112794498
-0.546808929095852
0.15708672082897976
0.4309389122508728
0.6253286287562078
-0.26745223627809833
0.02195160863271007
0.5052518807358145
1.197256777424337
-1.6597172301451277
-0.05739391129528566
-1.2503434256614174
-0.393635650370784
-1.5740333134371782
-0.6854702084104338
1.8560589035930877
0.2073790974763413
0.3677270702516163
-0.43191789721696994
0.6323837185708372
1.0348439126944993
1.3626369477640192
0.6329600313980727
1.9161067472063258
-0.5809951285351037
-0.30730526807690506
-0.5813388759349255
-0.051401917952535105
0.43315946655744164
-0.44894946339020886
-0.5535888756322986
2.6762111723640505
-0.6906214218417192
-0.8998951365949045
0.9516299322025583
1.0905281286905473
-1.7502587081212324
0.6427577658851327
0.26702655200211445
-0.11659116773728319
-0.51961397914744
0.4312461944819822
1.1902803188606101
-0.2995632720254666
-1.448147990367636
1.2153062143156026
0.8034286335696622
1.9425116611945568
-0.6537017368521169
